1 9 22 红烧牛肉面 4.500000 2020 1 1 1
1 0 8 老坛酸菜牛肉面 4.000000 2020 1 1 2
1 10 19 卤香排骨面 4.000000 2020 1 1 3
2 10 14 甜甜圈 3.000000 2020 1 1 4
2 10 3 肉松面包 5.500000 2020 1 1 5
3 10 7 趣多多 12.000000 2020 2 29 6
3 10 8 米多奇 5.000000 2020 3 31 7
3 10 9 奥利奥 8.000000 2020 4 30 8
3 10 10 小熊饼 4.000000 2020 1 31 9
3 10 15 雀巢脆脆鲨 2.000000 2020 3 1 10
3 10 2 曲奇饼 7.000000 2020 5 6 11
4 10 7 鸡肉肠 2.500000 2019 10 25 12
4 10 8 猪肉肠 2.000000 2019 10 30 13
4 10 14 玉米肠 3.000000 2019 10 8 14
5 9 5 AD钙奶 2.000000 2019 11 21 15
5 10 1 核桃花生奶 4.500000 2019 9 21 16
5 10 4 安慕希 6.500000 2019 9 21 17
5 10 6 旺仔牛奶 5.000000 2019 8 21 18
6 10 15 冰红茶 3.000000 2019 9 21 19
6 10 18 可乐 3.000000 2019 10 25 20
6 10 20 农夫山泉 2.000000 2019 11 21 21
6 10 14 维他柠檬茶 6.000000 2019 11 25 22
6 10 10 佳得乐 4.000000 2019 7 25 23
7 10 3 杜蕾斯避孕套 90.000000 2020 5 6 24
7 10 9 冈本避孕套 50.000000 2020 3 30 25
8 10 7 维达纸巾 1.000000 2020 6 7 26
8 10 14 洁柔纸巾 0.500000 2018 8 7 27
6 10 0 加多宝 5.000000 2020 5 5 28
