1 红烧牛肉面 4.5 2019 7 24 9 1 21
25 杜蕾斯避孕套 90.0 2019 7 24 9 2 26
1 红烧牛肉面 4.5 2019 7 24 9 55 18
15 玉米肠 3.0 2019 7 24 11 30 28
2 老坛酸菜牛肉面 4.0 2019 7 26 12 49 22
28 崂山蛇草水 4.0 2019 7 26 13 8 8
21 农夫山泉 2.0 2019 7 26 15 1 29
2 老坛酸菜牛肉面 4.0 2019 7 26 15 20 31
2 老坛酸菜牛肉面 4.0 2019 7 27 8 39 38
2 老坛酸菜牛肉面 4.0 2019 7 27 8 40 17
2 老坛酸菜牛肉面 4.0 2019 7 27 8 52 0
2 老坛酸菜牛肉面 4.0 2019 7 27 8 52 15
2 老坛酸菜牛肉面 4.0 2019 7 27 8 52 21
2 老坛酸菜牛肉面 4.0 2019 7 27 9 9 20
2 老坛酸菜牛肉面 4.0 2019 7 27 9 9 25
16 AD钙奶 2.0 2019 7 27 11 25 50
1 红烧牛肉面 4.5 2019 7 27 12 14 7
6 红豆夹心面包 5.0 2019 7 27 12 14 51
